E = (385+(205*29.3))*3.6*10^6;
c = 3*10^8;
m = E/c^2;
m = m*10^6

