h = 6.626*10^-34;
c = 3*10^8;
f = 3.18*10^14;

E = h*f

lambda = 285*10^-9;
E2 = h*c/lambda;

KE = E2-E