m = 3.79*10^-9;
v = 1.93*10^8;
c = 3*10^8;
k = v/c;
y = 1/sqrt(1 - k^2)

p = m*v*y